         0      2.15      3.04      0.63      26.4      30.1        26       608    0.0755    0.0226   0.00495    0.0305      2.74     0.429      3.74
         1      2.15       2.8     0.541      5.16       8.5        27       608    0.0726    0.0276   0.00264     0.028      2.57     0.374       3.3
         2      2.15      2.63     0.496      3.93      7.06        24       608     0.119    0.0521    0.0162    0.0698      2.44      0.34      2.06
         3      2.15      2.47      0.45      3.01      5.93        20       608      0.21     0.189    0.0766     0.198      2.24     0.295     0.886
         4      2.15      2.35     0.421      2.38      5.16        31       608     0.235     0.219     0.103     0.227       2.1     0.265      0.93
         5      2.15      2.24     0.384       1.6      4.23        22       608     0.301     0.281     0.138     0.284      2.02     0.254     0.802
         6      2.15      2.21     0.374      1.95      4.53        33       608     0.289     0.321     0.158     0.303      1.98      0.24     0.768
         7      2.15      2.15     0.355      1.94      4.45        21       608     0.301      0.42     0.194     0.338      1.95     0.218      0.99
         8      2.15      2.08     0.336      1.77      4.18        23       608     0.297     0.434     0.233     0.349      1.87     0.208     0.622
         9      2.15      2.05     0.329      1.61      3.98        21       608     0.312     0.425     0.234     0.359      1.87     0.212     0.967
        10      2.15      2.01     0.315      1.31      3.63        31       608     0.343     0.492     0.305     0.397      1.83     0.192     0.509
        11      2.15      1.98     0.319      1.43      3.72        38       608     0.414     0.456      0.31     0.415      1.76     0.194     0.763
        12      2.15      1.93     0.297      1.29      3.52        28       608     0.352     0.509     0.344     0.402      1.72     0.181     0.523
        13      2.15       1.9     0.295      1.31      3.51        33       608     0.326     0.486     0.303     0.371      1.75     0.191      1.12
        14      2.15      1.92     0.297      1.39       3.6        27       608     0.404     0.544     0.368      0.46      1.68     0.177     0.696
        15      2.15      1.85     0.279      1.01      3.14        31       608     0.393     0.557     0.393     0.454      1.63     0.166       0.5
        16      2.15      1.82     0.267      1.09      3.18        23       608     0.353     0.622     0.422     0.445      1.65     0.164     0.544
        17      2.15      1.81     0.268      1.13      3.21        22       608     0.424     0.594     0.437      0.48      1.58     0.166      0.99
        18      2.15      1.78     0.265         1      3.05        28       608     0.389     0.609     0.423      0.46       1.6     0.161     0.567
        19      2.15      1.77     0.263     0.914      2.94        25       608     0.413     0.626     0.454     0.477      1.55     0.156     0.425
        20      2.15      1.74     0.255     0.981      2.98        29       608     0.399     0.642      0.48     0.491      1.57     0.152     0.724
        21      2.15      1.73     0.257      1.11       3.1        36       608     0.358     0.681     0.487     0.466      1.52     0.154     0.486
        22      2.15       1.7     0.241     0.857       2.8        21       608     0.431     0.646     0.489     0.516      1.51     0.143     0.567
        23      2.15      1.69     0.239     0.871       2.8        31       608     0.408     0.687     0.509     0.506       1.5     0.141     0.482
        24      2.15      1.69     0.242     0.936      2.87        27       608      0.39     0.692     0.505     0.491      1.52     0.142     0.591
        25      2.15      1.67     0.237     0.917      2.82        25       608     0.392     0.701     0.526     0.501      1.49     0.137     0.361
        26      2.15      1.65     0.232     0.763      2.64        28       608     0.422     0.709     0.544     0.528      1.45     0.135     0.587
        27      2.15      1.63     0.226     0.792      2.65        28       608     0.397     0.747     0.587     0.514      1.44     0.134     0.639
        28      2.15       1.6     0.223     0.782       2.6        35       608     0.417     0.744     0.575     0.529      1.43      0.13     0.356
        29      2.15      1.59     0.216     0.769      2.58        23       608     0.406     0.723     0.578     0.512      1.47     0.131     0.347
        30      2.15      1.58     0.214     0.795      2.59        27       608     0.379     0.783     0.606     0.498      1.39     0.127     0.336
        31      2.15      1.57     0.213     0.695      2.48        19       608     0.374     0.774      0.61     0.493      1.39     0.128     0.358
        32      2.15      1.54     0.206     0.726      2.47        38       608     0.523     0.738     0.622     0.609      1.37     0.125     0.345
        33      2.15      1.52     0.204     0.704      2.43        29       608     0.411     0.754     0.598     0.522      1.39     0.129     0.432
        34      2.15      1.54     0.209     0.722      2.47        32       608     0.431     0.768     0.623     0.544      1.38     0.121     0.352
        35      2.15      1.51     0.199     0.663      2.37        26       608      0.47     0.788     0.661     0.583      1.34     0.118      0.42
        36      2.15      1.51       0.2     0.715      2.43        28       608     0.471     0.751     0.621     0.571      1.35     0.117     0.546
        37      2.15      1.51     0.196     0.749      2.46        18       608     0.424     0.787     0.639     0.535      1.36      0.12     0.352
        38      2.15      1.51       0.2     0.637      2.35        35       608     0.406     0.761     0.612     0.527      1.36     0.123     0.494
        39      2.15      1.51       0.2     0.856      2.56        39       608     0.481     0.788     0.646     0.591      1.34     0.116     0.328
        40      2.15      1.49      0.19     0.549      2.23        32       608     0.437     0.772     0.625     0.552      1.35     0.121     0.328
        41      2.15       1.5       0.2     0.814      2.51        30       608     0.402     0.801     0.629     0.519      1.37     0.119     0.332
        42      2.15      1.51     0.201     0.763      2.48        30       608     0.411     0.792     0.639      0.54      1.32     0.114     0.339
        43      2.15      1.47     0.196     0.647      2.31        33       608      0.45     0.817     0.682     0.576      1.32     0.109     0.352
        44      2.15      1.46     0.187     0.739      2.39        27       608     0.486      0.79     0.651     0.597      1.29     0.111     0.308
        45      2.15      1.45     0.185     0.608      2.24        19       608     0.466       0.8     0.673     0.586      1.28     0.106     0.308
        46      2.15      1.49     0.195      0.76      2.45        27       608     0.499     0.791     0.663     0.611      1.31      0.11      0.51
        47      2.15      1.45     0.189     0.684      2.32        34       608     0.447     0.811     0.686     0.567      1.29      0.11     0.692
        48      2.15      1.44     0.189      0.65      2.28        24       608     0.479     0.827     0.685     0.601      1.28     0.107     0.432
        49      2.15      1.43     0.178     0.744      2.35        21       608     0.477      0.83     0.697       0.6      1.26     0.111     0.343
        50      2.15      1.45     0.185     0.645      2.28        37       608      0.48      0.84     0.716      0.61      1.25     0.108     0.271
        51      2.15      1.39     0.176     0.594      2.16        35       608     0.492     0.809     0.684     0.612      1.22     0.104     0.322
        52      2.15       1.4     0.178     0.545      2.12        28       608     0.469     0.836     0.712     0.593       1.2     0.105     0.439
        53      2.15       1.4     0.173     0.769      2.34        21       608     0.399     0.868     0.704     0.538      1.26     0.108      0.28
        54      2.15      1.38      0.18      0.58      2.14        24       608     0.453     0.864     0.729     0.588      1.24     0.102     0.323
        55      2.15      1.37     0.173     0.553      2.09        27       608     0.463     0.867     0.745     0.603      1.18    0.0982     0.544
        56      2.15      1.36     0.165     0.501      2.02        36       608     0.494     0.863     0.742      0.62      1.18    0.0974     0.318
        57      2.15      1.35     0.165     0.565      2.08        21       608     0.491     0.854     0.733     0.618      1.22    0.0976     0.384
        58      2.15      1.36     0.168     0.619      2.15        23       608     0.442     0.835     0.709     0.561      1.24      0.11     0.338
        59      2.15      1.36     0.169      0.51      2.04        30       608     0.518     0.863     0.755      0.64      1.21    0.0974     0.265
        60      2.15      1.34     0.159     0.484      1.99        35       608     0.508     0.853      0.73     0.626      1.18       0.1      0.33
        61      2.15      1.32     0.163     0.536      2.02        33       608     0.495     0.875     0.763     0.627      1.17    0.0923     0.239
        62      2.15       1.3     0.152     0.498      1.95        31       608     0.541     0.868     0.772      0.66      1.15    0.0915     0.233
        63      2.15      1.31     0.157     0.507      1.98        35       608     0.464     0.889     0.769     0.604      1.19    0.0946     0.249
        64      2.15      1.31     0.161     0.498      1.97        19       608     0.527     0.871     0.769     0.655      1.15     0.091     0.318
        65      2.15       1.3     0.154     0.557      2.01        39       608     0.501     0.881     0.782     0.635      1.11    0.0927     0.294
        66      2.15      1.32     0.164     0.615       2.1        34       608     0.535     0.862     0.756     0.656      1.14    0.0923      0.26
        67      2.15      1.29     0.157     0.553         2        27       608     0.515     0.881     0.772     0.648      1.12    0.0906     0.224
        68      2.15      1.29     0.158     0.625      2.07        34       608     0.517      0.85     0.747     0.615      1.21     0.104     0.687
        69      2.15       1.3     0.158     0.545         2        38       608     0.518     0.885     0.773      0.65      1.17    0.0916     0.591
        70      2.15      1.32     0.161     0.733      2.21        31       608      0.52     0.885     0.775     0.653      1.15    0.0991     0.352
        71      2.15      1.27     0.155     0.502      1.93        33       608     0.521     0.883     0.779     0.643      1.13    0.0906     0.219
        72      2.15      1.26     0.148       0.5      1.91        32       608     0.501      0.89     0.796     0.637       1.1    0.0877     0.291
        73      2.15      1.26     0.145     0.531      1.94        27       608      0.46     0.887      0.77     0.606      1.12    0.0914     0.585
        74      2.15      1.27     0.147     0.499      1.92        38       608      0.53     0.904     0.808      0.66      1.11     0.087     0.411
        75      2.15      1.25     0.148      0.52      1.92        29       608     0.527     0.871     0.768     0.654       1.1    0.0882      0.39
        76      2.15      1.23     0.141     0.388      1.76        32       608     0.534     0.877     0.787     0.657       1.1    0.0895     0.341
        77      2.15      1.25     0.151     0.677      2.08        18       608     0.477     0.907     0.802      0.62      1.13    0.0906     0.283
        78      2.15      1.27     0.156     0.619      2.05        36       608     0.497     0.897     0.804     0.637      1.12    0.0921     0.256
        79      2.15      1.23     0.144     0.419      1.79        35       608     0.533     0.898     0.807     0.663      1.09    0.0858     0.203
        80      2.15      1.21     0.144     0.334      1.69        27       608     0.541     0.897     0.801      0.67       1.1    0.0855     0.257
        81      2.15      1.21     0.141     0.452       1.8        25       608      0.51     0.891     0.801     0.638      1.09    0.0867     0.212
        82      2.15      1.22     0.145      0.48      1.85        48       608      0.52     0.902     0.809     0.652      1.06    0.0854     0.235
        83      2.15       1.2     0.139     0.511      1.85        30       608     0.536     0.911     0.816     0.673      1.05    0.0839     0.316
        84      2.15       1.2     0.139     0.448      1.79        28       608     0.509     0.915     0.818     0.642      1.08    0.0878     0.334
        85      2.15       1.2     0.138     0.483      1.83        22       608     0.525     0.902     0.819     0.657      1.07    0.0865     0.214
        86      2.15      1.22     0.141     0.534       1.9        30       608     0.536     0.894     0.793     0.668      1.09    0.0879     0.414
        87      2.15      1.22     0.142     0.507      1.87        39       608     0.555       0.9      0.81     0.682      1.07     0.085      0.21
        88      2.15      1.25     0.149     0.622      2.02        42       608     0.541     0.901     0.803     0.673       1.1    0.0843     0.388
        89      2.15      1.24     0.145     0.535      1.92        30       608     0.518     0.903     0.805     0.648      1.08     0.088     0.309
        90      2.15      1.18     0.135     0.432      1.75        25       608     0.536     0.914     0.818     0.672      1.06    0.0815     0.233
        91      2.15      1.18     0.132     0.436      1.75        28       608     0.466     0.926     0.829     0.613      1.08    0.0823     0.283
        92      2.15       1.2     0.135     0.342      1.68        25       608     0.547     0.901     0.819     0.679      1.07    0.0826     0.346
        93      2.15      1.18     0.137     0.481       1.8        32       608     0.511      0.92      0.83     0.656      1.03    0.0825     0.205
        94      2.15      1.18     0.134     0.454      1.76        27       608     0.525     0.911     0.808     0.664      1.05    0.0815     0.245
        95      2.15      1.21     0.143     0.498      1.85        26       608     0.508      0.91     0.818     0.647       1.1    0.0865      0.46
        96      2.15      1.19     0.134      0.38       1.7        26       608     0.525     0.912     0.826     0.661      1.04    0.0797     0.235
        97      2.15      1.18     0.132     0.434      1.75        23       608     0.531     0.916     0.825     0.662      1.04    0.0832      0.26
        98      2.15      1.21     0.139     0.569      1.92        30       608      0.51     0.907     0.825     0.646      1.05    0.0835     0.214
        99      2.15      1.19     0.137     0.563      1.89        28       608     0.516     0.904     0.827     0.651       1.1    0.0823     0.189
       100      2.15      1.17     0.136     0.424      1.73        27       608     0.574     0.905     0.819     0.687      1.05    0.0832     0.198
       101      2.15      1.15     0.131     0.357      1.64        25       608      0.56      0.91     0.825     0.691      1.04    0.0785     0.204
       102      2.15      1.14     0.129      0.39      1.66        29       608     0.532     0.918      0.84     0.666      1.02    0.0773     0.211
       103      2.15      1.15     0.129     0.403      1.68        36       608     0.505     0.925     0.839     0.647      1.04    0.0801     0.206
       104      2.15      1.17      0.13     0.506       1.8        30       608      0.52     0.921     0.835     0.659      1.03    0.0774     0.216
       105      2.15      1.18     0.132     0.552      1.87        27       608     0.528     0.898     0.811     0.658      1.08    0.0835     0.201
       106      2.15      1.18     0.134     0.489       1.8        27       608     0.535     0.925     0.831      0.67      1.06    0.0807     0.179
       107      2.15       1.2      0.14      0.57      1.91        35       608     0.582     0.875     0.787     0.697      1.08    0.0814     0.168
       108      2.15      1.17     0.132     0.487      1.78        31       608     0.528     0.934     0.846     0.672      1.01    0.0758      0.25
       109      2.15      1.15     0.131     0.417       1.7        26       608     0.603     0.914     0.832     0.721      1.02    0.0778     0.282
       110      2.15      1.15     0.129     0.566      1.85        26       608     0.478     0.938      0.85     0.629      1.05    0.0803     0.221
       111      2.15      1.15     0.132     0.325      1.61        31       608     0.533     0.931     0.842      0.67      1.03    0.0788     0.268
       112      2.15      1.14     0.127     0.543      1.81        32       608     0.589     0.897     0.821      0.71      1.04    0.0765     0.436
       113      2.15      1.13     0.128     0.371      1.63        27       608     0.556     0.925     0.849     0.685         1    0.0744     0.185
       114      2.15      1.13     0.124     0.447       1.7        37       608     0.489     0.912     0.821     0.631      1.05    0.0846     0.355
       115      2.15      1.21     0.146      0.68      2.04        19       608     0.543     0.907     0.829     0.675      1.06    0.0769     0.278
       116      2.15      1.18     0.132     0.479      1.79        30       608     0.517     0.916     0.834     0.655      1.05    0.0793      0.28
       117      2.15      1.17      0.13      0.47      1.77        17       608     0.484     0.923     0.835     0.628      1.03    0.0774     0.237
       118      2.15      1.14     0.127     0.375      1.64        24       608     0.513     0.944     0.862     0.662      1.04    0.0753     0.241
       119      2.15      1.12     0.124      0.42      1.67        25       608     0.559     0.918     0.839     0.693      1.03    0.0783     0.357
       120      2.15      1.14     0.128     0.391      1.66        19       608     0.555     0.914     0.826     0.684      1.04     0.079     0.226
       121      2.15      1.14     0.129     0.406      1.68        35       608     0.514     0.943     0.868     0.664      1.03    0.0748     0.196
       122      2.15      1.13     0.127     0.394      1.65        32       608     0.512      0.92     0.837     0.653      1.02    0.0732     0.158
       123      2.15      1.11     0.122     0.407      1.63        30       608     0.544     0.931     0.854     0.682     0.996    0.0723     0.171
       124      2.15       1.1     0.121     0.388      1.61        24       608     0.575     0.936     0.877     0.712         1    0.0724     0.482
       125      2.15      1.16     0.133     0.553      1.85        33       608     0.584     0.906     0.834      0.71      1.04    0.0762     0.372
       126      2.15      1.14     0.127     0.476      1.74        27       608     0.547     0.937     0.864     0.688      1.01    0.0749     0.189
       127      2.15      1.12     0.126     0.463      1.71        19       608     0.519     0.937     0.863      0.66     0.999    0.0781     0.242
       128      2.15       1.1      0.12     0.413      1.63        28       608     0.536     0.929     0.866     0.678      1.01    0.0735     0.195
       129      2.15      1.12     0.122     0.384      1.62        20       608     0.548     0.928     0.858     0.675     0.999    0.0746     0.176
       130      2.15       1.1     0.118       0.4      1.62        23       608      0.56     0.932      0.86     0.697     0.996    0.0732      0.21
       131      2.15      1.14     0.131     0.493      1.77        31       608     0.557     0.915     0.845      0.69      1.01    0.0751     0.252
       132      2.15      1.11      0.12     0.452      1.68        26       608     0.541     0.909     0.835      0.67      1.01    0.0747     0.281
       133      2.15      1.11     0.122     0.465       1.7        20       608     0.589     0.927     0.855     0.712     0.998    0.0727     0.176
       134      2.15      1.11     0.123     0.459      1.69        28       608     0.511     0.928     0.845     0.654      1.01    0.0774     0.364
       135      2.15      1.09     0.119      0.42      1.63        17       608     0.551     0.938     0.867      0.69         1     0.073      0.25
       136      2.15       1.1     0.118     0.347      1.56        30       608     0.522     0.948     0.878     0.671     0.983    0.0724     0.286
       137      2.15      1.09     0.118     0.397      1.61        23       608     0.551      0.95     0.868     0.695     0.986     0.072      0.28
       138      2.15       1.1     0.117     0.437      1.65        21       608     0.586     0.941     0.873     0.714     0.971    0.0711     0.269
       139      2.15      1.09     0.119     0.384      1.59        35       608     0.577      0.93     0.855      0.71     0.981    0.0721     0.175
       140      2.15      1.09     0.121     0.388       1.6        26       608      0.57     0.922     0.851     0.701     0.976    0.0742     0.218
       141      2.15      1.09     0.121     0.427      1.64        37       608      0.61     0.916     0.851     0.729      1.01    0.0731     0.245
       142      2.15      1.09     0.116      0.35      1.55        31       608     0.555     0.927     0.859     0.682     0.987    0.0728     0.161
       143      2.15       1.1     0.124     0.544      1.77        29       608     0.594     0.926     0.862     0.718         1    0.0725     0.262
       144      2.15      1.09      0.12     0.345      1.56        34       608     0.609     0.928     0.862     0.732     0.983     0.071     0.171
       145      2.15      1.09     0.121     0.393      1.61        33       608      0.53     0.933     0.857     0.674         1    0.0761     0.365
       146      2.15       1.1      0.12     0.361      1.58        36       608     0.596     0.943     0.876     0.725     0.969    0.0677     0.197
       147      2.15      1.08     0.111      0.36      1.55        20       608     0.544      0.95     0.869     0.683      1.01    0.0681      0.27
       148      2.15      1.13     0.129     0.541       1.8        29       608     0.511     0.913      0.84     0.644      1.04    0.0773     0.226
       149      2.15      1.12     0.122      0.41      1.65        24       608     0.582     0.922     0.854     0.712     0.994    0.0706     0.294
       150      2.15      1.09     0.119     0.441      1.65        26       608     0.586     0.932      0.86     0.716     0.985    0.0694     0.807
       151      2.15      1.09     0.121     0.535      1.75        22       608     0.581     0.926     0.854      0.71      1.01    0.0713     0.229
       152      2.15      1.09     0.118     0.405      1.61        32       608     0.562     0.941     0.875     0.699      0.94     0.068     0.292
       153      2.15      1.08     0.116     0.513      1.71        26       608     0.602     0.938     0.875      0.73         1    0.0691     0.202
       154      2.15      1.07     0.111     0.439      1.62        33       608     0.608     0.936      0.87     0.735     0.977    0.0691     0.272
       155      2.15      1.08     0.117      0.46      1.66        31       608     0.575     0.934     0.863     0.705     0.966     0.069     0.333
       156      2.15       1.1     0.119     0.504      1.72        31       608     0.564     0.925     0.861     0.692      1.04    0.0767     0.369
       157      2.15      1.11     0.123     0.539      1.78        22       608     0.564     0.941     0.874     0.704     0.981    0.0704     0.483
       158      2.15      1.07     0.116     0.455      1.64        33       608     0.542     0.944     0.881     0.684     0.984    0.0669     0.423
       159      2.15      1.06     0.111     0.385      1.56        29       608     0.581     0.938     0.877     0.716     0.964    0.0671     0.272
       160      2.15      1.05      0.11       0.4      1.56        33       608     0.613     0.936     0.871      0.74     0.946    0.0663      0.38
       161      2.15      1.05     0.111     0.415      1.58        33       608     0.602     0.932     0.872     0.731     0.953    0.0674     0.259
       162      2.15      1.07     0.112     0.404      1.58        41       608     0.524     0.946     0.882     0.663     0.949    0.0676     0.333
       163      2.15      1.05     0.108       0.3      1.45        38       608     0.555     0.951     0.889     0.695     0.948    0.0655     0.264
       164      2.15      1.04     0.108     0.398      1.55        43       608     0.632     0.932     0.876     0.752     0.939    0.0634       0.4
       165      2.15      1.04     0.108      0.34      1.49        33       608     0.579     0.955     0.893     0.716     0.928    0.0626     0.247
       166      2.15      1.04     0.108     0.428      1.58        28       608     0.562     0.951     0.885     0.699     0.963    0.0676     0.203
       167      2.15      1.08     0.116     0.405       1.6        30       608     0.606     0.928     0.858     0.724      0.96    0.0662     0.309
       168      2.15      1.06      0.11      0.47      1.64        20       608     0.615     0.934     0.875     0.741     0.947    0.0678     0.287
       169      2.15      1.06     0.113     0.421      1.59        37       608     0.563      0.94     0.874     0.693     0.929    0.0687     0.242
       170      2.15      1.04      0.11     0.367      1.51        32       608     0.632     0.944     0.885     0.752     0.948    0.0654     0.209
       171      2.15      1.05     0.111     0.374      1.54        32       608      0.65     0.898     0.851     0.741     0.974    0.0698      0.26
       172      2.15      1.06     0.111     0.389      1.56        23       608     0.586     0.948     0.888     0.716     0.945    0.0658     0.195
       173      2.15      1.02     0.106     0.329      1.46        29       608     0.588     0.953     0.896     0.726     0.925    0.0614     0.209
       174      2.15      1.02     0.105     0.326      1.45        37       608     0.601     0.953       0.9     0.735     0.913    0.0634     0.218
       175      2.15      1.04     0.107     0.426      1.57        33       608     0.599     0.945     0.884     0.733     0.941    0.0671     0.379
       176      2.15      1.03     0.105     0.324      1.45        26       608     0.597     0.949     0.892     0.724      0.92    0.0642     0.253
       177      2.15      1.03     0.107     0.357       1.5        36       608     0.553     0.953     0.893     0.693     0.941    0.0665     0.219
       178      2.15      1.07     0.113     0.464      1.65        29       608     0.543     0.949     0.884     0.686     0.984    0.0719     0.433
       179      2.15      1.07     0.117     0.428      1.62        20       608     0.507      0.93     0.859     0.647     0.968    0.0694     0.346
       180      2.15      1.07     0.113     0.461      1.64        35       608      0.59     0.927     0.869     0.718     0.972    0.0675     0.476
       181      2.15      1.07     0.113     0.395      1.57        32       608     0.627      0.91      0.85     0.732     0.966      0.07     0.241
       182      2.15      1.06     0.113     0.453      1.62        27       608      0.54     0.938     0.877     0.675     0.957    0.0698     0.278
       183      2.15      1.05     0.111     0.354      1.52        25       608     0.603     0.951     0.888     0.737     0.931    0.0678     0.179
       184      2.15      1.03     0.105     0.282      1.42        35       608     0.549     0.948     0.888      0.69     0.932    0.0631     0.224
       185      2.15      1.04     0.111     0.451      1.61        38       608     0.545     0.951     0.885     0.687     0.963    0.0671     0.264
       186      2.15      1.04      0.11     0.409      1.56        35       608     0.604     0.949     0.894     0.737     0.913    0.0642     0.296
       187      2.15      1.01     0.104      0.31      1.42        27       608     0.621     0.925     0.872     0.739     0.912    0.0653     0.404
       188      2.15      1.03     0.109     0.429      1.57        28       608     0.575     0.935      0.88     0.708     0.967     0.066     0.263
       189      2.15      1.02     0.105     0.421      1.55        25       608     0.605     0.932     0.877     0.731     0.929    0.0635     0.379
       190      2.15      1.04     0.105     0.404      1.55        27       608     0.604     0.951     0.892     0.737     0.918     0.064     0.247
       191      2.15      1.03     0.109     0.536      1.68        31       608     0.572     0.928     0.872     0.706     0.958    0.0684     0.196
       192      2.15      1.07     0.116     0.446      1.63        33       608     0.593     0.922     0.847     0.712     0.989      0.07     0.447
       193      2.15      1.05     0.112     0.497      1.66        27       608     0.606     0.938     0.875     0.732     0.969    0.0669     0.444
       194      2.15      1.02     0.105     0.313      1.44        31       608     0.614     0.944     0.892     0.735     0.923    0.0643     0.278
       195      2.15         1     0.103     0.335      1.44        29       608     0.597     0.949     0.891     0.731      0.94    0.0641     0.178
       196      2.15      1.01     0.103     0.306      1.42        23       608     0.607     0.951     0.893     0.737       0.9    0.0619     0.172
       197      2.15     0.976    0.0982     0.253      1.33        33       608     0.643      0.95       0.9     0.762     0.876      0.06     0.314
       198      2.15     0.996     0.103     0.402       1.5        26       608     0.602     0.949     0.896     0.735     0.901    0.0625      0.16
       199      2.15      1.02     0.103     0.399      1.52        40       608     0.572     0.946     0.879     0.703     0.928    0.0644     0.194
       200      2.15      1.01     0.105     0.427      1.54        36       608     0.634     0.942     0.882     0.756      0.92     0.062     0.178
       201      2.15         1     0.104     0.462      1.57        33       608     0.627     0.941      0.88     0.749     0.952    0.0643     0.188
       202      2.15      1.03     0.106     0.405      1.54        28       608     0.638     0.917     0.864     0.748     0.949    0.0666     0.216
       203      2.15      1.01     0.106     0.408      1.53        29       608     0.597     0.959     0.897     0.731     0.909    0.0626     0.173
       204      2.15     0.995    0.0993     0.334      1.43        24       608     0.613     0.954     0.902     0.744     0.894    0.0618     0.177
       205      2.15      1.01     0.104     0.395       1.5        36       608     0.699     0.945     0.901     0.802     0.914    0.0633     0.192
       206      2.15      1.02     0.106      0.33      1.46        33       608     0.592     0.949      0.89     0.724     0.902    0.0635     0.164
       207      2.15     0.981     0.102     0.359      1.44        20       608     0.602     0.958     0.902     0.738     0.918    0.0621     0.216
       208      2.15     0.993     0.103     0.486      1.58        36       608     0.627     0.942     0.892     0.748     0.926     0.063     0.226
       209      2.15         1     0.102     0.388      1.49        21       608     0.627     0.932     0.876     0.741     0.967    0.0667     0.371
       210      2.15      1.02     0.103     0.395      1.52        29       608     0.583     0.967     0.914     0.725     0.887     0.062     0.301
       211      2.15      1.02     0.102     0.497      1.62        29       608     0.646     0.936      0.88      0.76     0.919    0.0617     0.197
       212      2.15      1.02     0.104     0.456      1.58        24       608     0.574     0.952     0.882     0.705     0.917    0.0671     0.242
       213      2.15      1.02     0.106     0.356      1.48        38       608     0.567     0.959     0.893     0.709     0.913    0.0651      0.18
       214      2.15      1.04      0.11     0.535      1.68        29       608     0.544     0.944     0.883     0.687     0.984    0.0711     0.229
       215      2.15      1.03     0.108     0.354      1.49        24       608     0.644     0.946      0.89     0.763     0.906    0.0607     0.161
       216      2.15     0.987       0.1     0.352      1.44        17       608     0.588     0.952     0.895     0.724     0.901     0.062     0.224
       217      2.15         1    0.0998     0.397       1.5        22       608     0.635     0.946     0.902      0.76     0.916    0.0599     0.197
       218      2.15     0.989    0.0971     0.334      1.42        22       608     0.608     0.954     0.909     0.739     0.922    0.0597      0.19
       219      2.15     0.978     0.097     0.317      1.39        19       608     0.604     0.936     0.877     0.728     0.918    0.0616     0.271
       220      2.15         1     0.102     0.408      1.52        30       608     0.597     0.958     0.895      0.73     0.897    0.0621     0.234
       221      2.15     0.984    0.0999     0.336      1.42        21       608     0.659     0.945       0.9     0.775     0.896    0.0601      0.16
       222      2.15     0.989    0.0987     0.348      1.44        32       608     0.638     0.949     0.903     0.758     0.903    0.0606     0.185
       223      2.15     0.973    0.0968     0.278      1.35        32       608     0.629     0.945     0.893      0.75     0.898    0.0609     0.224
       224      2.15      1.02     0.105     0.594      1.71        19       608     0.604     0.946     0.885     0.732     0.926    0.0656      0.28
       225      2.15      1.01     0.101     0.311      1.42        22       608     0.608      0.95     0.905     0.739     0.906    0.0605     0.162
       226      2.15     0.968    0.0966     0.296      1.36        28       608     0.647     0.958     0.908     0.771     0.867    0.0611     0.187
       227      2.15     0.963    0.0952     0.363      1.42        27       608     0.639      0.95     0.901     0.763     0.903    0.0604     0.272
       228      2.15     0.984     0.097     0.358      1.44        36       608     0.589     0.965     0.918     0.725     0.901    0.0598     0.178
       229      2.15     0.988    0.0987     0.323      1.41        44       608     0.664     0.945     0.898     0.779     0.894    0.0594     0.211
       230      2.15     0.981    0.0977     0.346      1.42        22       608     0.657     0.938     0.889     0.771      0.88    0.0594      0.23
       231      2.15      1.01     0.104     0.428      1.54        28       608     0.628     0.946     0.896     0.752     0.898    0.0593     0.211
       232      2.15     0.978    0.0973      0.38      1.45        17       608     0.595     0.963     0.911     0.733     0.883    0.0599     0.229
       233      2.15      1.01    0.0969     0.469      1.57        27       608     0.638     0.948     0.891     0.762     0.911     0.061     0.203
       234      2.15      1.01     0.103     0.463      1.58        36       608     0.677     0.938     0.891     0.785     0.936    0.0631     0.331
       235      2.15     0.988    0.0964     0.409      1.49        22       608     0.634     0.958     0.902     0.762     0.884    0.0611     0.302
       236      2.15      0.99     0.104     0.548      1.64        33       608     0.551     0.955     0.887     0.689     0.892    0.0645     0.387
       237      2.15     0.989     0.106     0.336      1.43        28       608     0.599     0.967     0.903     0.736     0.889    0.0612      0.23
       238      2.15         1    0.0998     0.335      1.43        18       608     0.595     0.947     0.892     0.722     0.908    0.0624     0.228
       239      2.15     0.977    0.0958     0.342      1.41        26       608     0.592     0.968     0.913     0.734     0.882    0.0586     0.262
       240      2.15         1    0.0985     0.346      1.45        20       608     0.554     0.952     0.894      0.69     0.932     0.064     0.251
       241      2.15      1.02     0.105     0.444      1.57        34       608     0.613      0.95     0.889     0.745     0.916    0.0624     0.241
       242      2.15         1     0.102      0.42      1.52        31       608     0.584     0.951     0.891     0.717     0.946    0.0643     0.184
       243      2.15      1.01     0.107     0.485       1.6        33       608      0.62     0.938     0.886     0.742     0.898    0.0654     0.272
       244      2.15     0.968    0.0946     0.331      1.39        25       608     0.649      0.95     0.909      0.77     0.879    0.0582      0.21
       245      2.15     0.963    0.0942     0.336      1.39        35       608     0.621     0.956     0.912      0.75      0.88    0.0565     0.286
       246      2.15     0.951    0.0912     0.296      1.34        25       608     0.598     0.943     0.894     0.728     0.883    0.0595     0.239
       247      2.15     0.987    0.0972     0.422      1.51        27       608      0.65     0.934     0.872     0.763     0.908    0.0621     0.238
       248      2.15      1.01     0.103     0.538      1.65        22       608     0.591     0.935     0.886     0.723     0.952    0.0648     0.394
       249      2.15      1.01     0.101      0.44      1.56        35       608     0.586      0.96     0.905     0.726     0.923    0.0619     0.424
       250      2.15     0.977    0.0962     0.333      1.41        28       608     0.633      0.96     0.907     0.759     0.888    0.0595      0.32
       251      2.15     0.973     0.095     0.315      1.38        21       608      0.63     0.963     0.911      0.76     0.861    0.0585     0.205
       252      2.15     0.948    0.0905     0.303      1.34        27       608     0.614      0.97     0.917     0.747     0.857    0.0594     0.156
       253      2.15      0.96    0.0911     0.305      1.36        25       608     0.661     0.969     0.923     0.782     0.865    0.0564     0.172
       254      2.15     0.952    0.0916     0.235      1.28        23       608     0.599     0.966     0.913     0.736     0.847    0.0588     0.291
       255      2.15     0.954    0.0919     0.269      1.31        26       608     0.636     0.956     0.905     0.762     0.879    0.0563      0.28
       256      2.15     0.926    0.0896     0.295      1.31        26       608     0.676     0.965     0.918      0.79     0.864    0.0552     0.175
       257      2.15     0.965    0.0951     0.507      1.57        28       608     0.667     0.904     0.838     0.767     0.922    0.0692     0.263
       258      2.15      1.08     0.116     0.581      1.77        31       608     0.634     0.937     0.871     0.749     0.947    0.0669     0.505
       259      2.15      1.04     0.109     0.413      1.56        21       608     0.598     0.957     0.901     0.732     0.903    0.0627     0.276
       260      2.15      1.01     0.103     0.483       1.6        28       608     0.585      0.95     0.893     0.716     0.907    0.0651     0.538
       261      2.15      1.02     0.101     0.383       1.5        26       608     0.657     0.951     0.896     0.773     0.893    0.0607     0.574
       262      2.15     0.979    0.0975     0.331      1.41        34       608     0.639     0.962     0.901     0.767      0.87    0.0592       0.3
       263      2.15     0.957    0.0917     0.278      1.33        29       608     0.648      0.96     0.914      0.77     0.843    0.0569     0.278
       264      2.15     0.947    0.0917     0.341      1.38        37       608     0.652     0.959     0.908     0.774     0.884    0.0591     0.454
       265      2.15     0.953    0.0922     0.392      1.44        28       608     0.573     0.967     0.912     0.719     0.893    0.0597     0.538
       266      2.15     0.963    0.0968     0.383      1.44        19       608     0.669     0.949     0.899     0.784     0.892    0.0573     0.503
       267      2.15     0.987    0.0996     0.466      1.55        30       608     0.584     0.956     0.904     0.717     0.907    0.0576     0.466
       268      2.15     0.978     0.097     0.373      1.45        31       608     0.613     0.948     0.896      0.74     0.896    0.0601     0.309
       269      2.15     0.991    0.0986     0.471      1.56        21       608     0.625     0.952     0.903     0.751     0.882    0.0574     0.466
       270      2.15     0.976    0.0953      0.41      1.48        28       608     0.627     0.951     0.902     0.754     0.873    0.0583     0.323
       271      2.15     0.964    0.0957     0.332      1.39        39       608     0.611     0.954     0.902     0.734      0.88     0.058     0.241
       272      2.15     0.974    0.0929     0.427      1.49        27       608     0.593     0.962     0.912     0.731     0.891    0.0576     0.236
       273      2.15     0.963    0.0959     0.336      1.39        32       608     0.675     0.957     0.908     0.791      0.84    0.0552     0.357
       274      2.15     0.949    0.0934      0.38      1.42        29       608     0.633      0.95     0.907     0.753     0.874    0.0568      0.28
       275      2.15     0.948    0.0903     0.281      1.32        27       608     0.642     0.966     0.917     0.768     0.849    0.0546     0.183
       276      2.15     0.932    0.0864      0.31      1.33        21       608     0.634     0.958     0.909      0.76     0.871    0.0547     0.251
       277      2.15     0.937    0.0901     0.349      1.38        23       608     0.674     0.954     0.913     0.788     0.848    0.0541     0.298
       278      2.15     0.952    0.0912     0.423      1.47        31       608      0.71      0.94     0.901     0.808     0.867    0.0563     0.418
       279      2.15     0.971    0.0976     0.466      1.53        39       608     0.683     0.952     0.907     0.788     0.861    0.0565     0.401
       280      2.15     0.978    0.0953     0.401      1.47        26       608     0.652     0.953     0.908     0.772     0.866    0.0573     0.312
       281      2.15     0.949    0.0964     0.403      1.45        24       608     0.624     0.954     0.908     0.753     0.841    0.0576     0.197
       282      2.15     0.947    0.0913     0.341      1.38        40       608      0.68     0.967     0.928     0.798     0.841    0.0554     0.265
       283      2.15     0.932    0.0902     0.282       1.3        30       608     0.642     0.972     0.928     0.772      0.84     0.056     0.356
       284      2.15     0.936    0.0891     0.294      1.32        26       608     0.678     0.963     0.923     0.795     0.862    0.0556     0.186
       285      2.15     0.923    0.0882     0.302      1.31        27       608     0.653     0.967     0.925     0.777     0.811    0.0535      0.18
       286      2.15     0.914    0.0877     0.339      1.34        32       608     0.645     0.962     0.923     0.769     0.845    0.0551     0.203
       287      2.15     0.923    0.0872     0.397      1.41        24       608     0.705     0.945     0.912     0.803     0.839    0.0541     0.279
       288      2.15     0.928    0.0916     0.357      1.38        33       608     0.611     0.949     0.894     0.739     0.886    0.0582     0.267
       289      2.15     0.962    0.0947     0.269      1.33        23       608     0.643     0.957     0.913     0.768     0.845    0.0566     0.408
       290      2.15     0.944    0.0914     0.372      1.41        25       608     0.608      0.96     0.905     0.728     0.922    0.0615     0.518
       291      2.15     0.994    0.0998     0.475      1.57        18       608     0.648     0.945     0.897     0.768     0.872    0.0611     0.236
       292      2.15      0.95    0.0925     0.288      1.33        26       608     0.681     0.957     0.919     0.793     0.838    0.0562     0.249
       293      2.15     0.921     0.088     0.331      1.34        31       608     0.682     0.965     0.918     0.798     0.846    0.0546     0.267
       294      2.15     0.925    0.0869     0.256      1.27        29       608     0.696     0.959     0.915     0.805     0.863    0.0538     0.361
       295      2.15     0.904    0.0842     0.292      1.28        23       608     0.695     0.959     0.915     0.804     0.824    0.0543     0.367
       296      2.15     0.944    0.0902      0.33      1.36        23       608     0.666     0.967      0.92     0.787     0.848    0.0535     0.209
       297      2.15      0.97    0.0928     0.401      1.46        33       608     0.677     0.944     0.901     0.786     0.878    0.0568     0.352
       298      2.15     0.955    0.0918     0.398      1.44        41       608     0.677     0.956     0.922     0.791     0.854    0.0552     0.157
       299      2.15     0.929      0.09     0.393      1.41        25       608     0.653     0.971     0.928     0.776     0.841    0.0552     0.241
       300      2.15      0.92    0.0887     0.324      1.33        37       608     0.661     0.961     0.917     0.782      0.84    0.0546     0.198
       301      2.15     0.868    0.0883     0.253      1.21        35       608     0.674      0.97     0.926     0.793     0.776     0.053     0.237
       302      2.15     0.838    0.0827      0.27      1.19        21       608     0.688      0.97     0.929     0.803     0.763    0.0521     0.226
       303      2.15     0.843     0.081     0.312      1.24        36       608     0.697     0.967     0.929      0.81     0.772    0.0514     0.196
       304      2.15     0.841    0.0818     0.257      1.18        32       608     0.681     0.969     0.934     0.798     0.759     0.051     0.187
       305      2.15     0.823    0.0799     0.198       1.1        31       608     0.695     0.968     0.934     0.808     0.756    0.0509     0.174
       306      2.15     0.825    0.0801     0.293       1.2        22       608     0.703     0.973     0.937     0.814     0.758    0.0511     0.178
       307      2.15     0.819    0.0796     0.301       1.2        28       608     0.682     0.973     0.937       0.8     0.752    0.0505      0.17
       308      2.15     0.819    0.0807     0.205       1.1        26       608     0.702     0.972     0.941     0.815     0.755    0.0503     0.182
       309      2.15     0.809    0.0783     0.232      1.12        28       608     0.716     0.971     0.935     0.824     0.748    0.0501     0.186
       310      2.15     0.807    0.0797     0.214       1.1        25       608     0.701     0.972     0.936     0.814      0.75    0.0498     0.183
       311      2.15     0.815    0.0783     0.257      1.15        31       608     0.692     0.969     0.935     0.807     0.754    0.0503     0.183
       312      2.15      0.81    0.0786     0.223      1.11        27       608     0.695     0.975     0.942     0.811     0.752    0.0499      0.19
       313      2.15     0.813    0.0786     0.274      1.17        28       608     0.696     0.973     0.942      0.81     0.751    0.0503      0.19
       314      2.15     0.807    0.0784     0.272      1.16        32       608     0.702     0.973     0.938     0.814     0.743    0.0496     0.193
       315      2.15     0.815    0.0775     0.324      1.22        25       608     0.702     0.973     0.939     0.814     0.745    0.0497     0.201
       316      2.15     0.804     0.077     0.228      1.11        27       608     0.715     0.971     0.944     0.823     0.755    0.0494     0.193
       317      2.15     0.803    0.0748      0.24      1.12        26       608     0.702     0.975     0.942     0.815     0.745    0.0496     0.185
       318      2.15     0.803    0.0797     0.281      1.16        23       608      0.72     0.976     0.945     0.828      0.74    0.0493     0.191
       319      2.15     0.806    0.0778      0.25      1.13        33       608       0.7     0.976     0.944     0.814     0.736    0.0495     0.201
       320      2.15     0.808    0.0777     0.233      1.12        34       608     0.712     0.974     0.938     0.821     0.742    0.0493     0.197
       321      2.15     0.791    0.0786     0.277      1.15        31       608     0.712     0.973     0.943     0.821     0.734    0.0489     0.203
       322      2.15     0.803    0.0763     0.226      1.11        34       608     0.724     0.974     0.942      0.83     0.731    0.0486     0.183
       323      2.15     0.793    0.0767     0.248      1.12        32       608     0.718     0.975     0.942     0.826     0.733    0.0487     0.179
       324      2.15     0.796     0.077     0.266      1.14        23       608     0.715     0.979     0.948     0.826     0.735    0.0488     0.167
       325      2.15     0.797    0.0779     0.296      1.17        22       608     0.699     0.979     0.944     0.814      0.73    0.0486     0.169
       326      2.15     0.796     0.079     0.261      1.14        25       608     0.712     0.976     0.943     0.822     0.729    0.0486      0.18
       327      2.15     0.784    0.0772     0.284      1.14        29       608     0.709     0.975     0.945      0.82     0.731    0.0485     0.183
       328      2.15     0.793    0.0768     0.224      1.09        29       608     0.722     0.975     0.943     0.829     0.731    0.0487     0.185
       329      2.15     0.777    0.0745     0.244       1.1        29       608      0.72     0.978     0.948     0.828     0.734    0.0482     0.214
       330      2.15     0.799    0.0772     0.314      1.19        34       608     0.718     0.978     0.945     0.827     0.723    0.0484     0.186
       331      2.15     0.783    0.0739     0.188      1.04        22       608     0.711     0.977     0.941     0.822     0.728    0.0483     0.194
       332      2.15     0.782    0.0761      0.27      1.13        26       608     0.719     0.977      0.94     0.827     0.726    0.0481     0.179
       333      2.15     0.791    0.0761     0.232       1.1        24       608     0.712     0.976     0.946     0.823     0.729    0.0481     0.172
       334      2.15     0.787    0.0747     0.243       1.1        26       608     0.717     0.975     0.944     0.825      0.72    0.0479     0.172
       335      2.15     0.776    0.0725     0.258      1.11        21       608      0.72     0.979     0.947     0.829     0.719    0.0476     0.175
       336      2.15     0.786    0.0739     0.363      1.22        34       608     0.709     0.976     0.942     0.819      0.73    0.0478     0.196
       337      2.15     0.776    0.0725     0.217      1.07        28       608     0.709     0.976     0.944      0.82     0.727    0.0478       0.2
       338      2.15     0.789    0.0747     0.268      1.13        31       608     0.697     0.976     0.945     0.812     0.721     0.048     0.202
       339      2.15     0.782    0.0742     0.237      1.09        26       608     0.707     0.977     0.944     0.819     0.719    0.0479     0.201
       340      2.15     0.765     0.074     0.224      1.06        20       608     0.707     0.977     0.943      0.82     0.719    0.0477     0.188
       341      2.15     0.774    0.0749     0.241      1.09        22       608     0.703     0.977     0.942     0.817     0.718    0.0478     0.195
       342      2.15     0.763    0.0742     0.227      1.06        27       608     0.702     0.976     0.942     0.815     0.716    0.0479     0.197
       343      2.15     0.768    0.0733     0.234      1.08        28       608     0.706     0.977     0.943     0.819     0.718     0.048     0.196
       344      2.15     0.766    0.0734     0.276      1.12        32       608     0.703     0.976     0.943     0.816     0.719     0.048     0.199
       345      2.15     0.766    0.0753     0.168      1.01        38       608     0.709     0.979     0.948     0.821     0.715    0.0477     0.196
       346      2.15     0.774    0.0752     0.248       1.1        19       608     0.706     0.976     0.943     0.818     0.714    0.0477     0.206
       347      2.15     0.771    0.0741     0.264      1.11        26       608     0.712     0.976     0.945     0.822     0.714    0.0478     0.209
       348      2.15     0.766    0.0739     0.206      1.05        20       608     0.708     0.977     0.943      0.82     0.713    0.0478     0.195
       349      2.15     0.772    0.0737      0.25       1.1        19       608     0.704     0.976     0.941     0.817     0.714    0.0477     0.203
       350      2.15     0.768    0.0749     0.238      1.08        26       608     0.716      0.98     0.946     0.826     0.713    0.0477     0.199
       351      2.15     0.765    0.0728     0.162         1        22       608     0.706     0.977     0.945     0.818     0.712    0.0478     0.191
       352      2.15     0.768     0.074     0.226      1.07        29       608     0.707     0.976     0.941     0.819     0.716    0.0478     0.211
       353      2.15     0.777    0.0741      0.23      1.08        29       608     0.719     0.977     0.943     0.828     0.714    0.0477     0.195
       354      2.15     0.762    0.0749      0.19      1.03        25       608     0.714     0.976     0.943     0.824     0.712    0.0476     0.205
       355      2.15     0.771    0.0741     0.236      1.08        30       608     0.713     0.976     0.943     0.823     0.713    0.0477     0.193
       356      2.15     0.766    0.0754     0.245      1.09        23       608     0.715     0.977     0.943     0.825     0.714    0.0477     0.197
       357      2.15     0.768    0.0748     0.283      1.13        28       608     0.705     0.977     0.943     0.818     0.714    0.0476      0.19
       358      2.15     0.763    0.0733     0.232      1.07        34       608     0.714     0.977     0.944     0.824      0.71    0.0476     0.196
       359      2.15      0.77    0.0731     0.243      1.09        30       608     0.714     0.977     0.944     0.824     0.712    0.0477     0.198
       360      2.15     0.766    0.0741      0.25      1.09        37       608     0.707     0.976     0.943     0.818     0.713    0.0477     0.201
       361      2.15      0.77    0.0749     0.291      1.14        22       608     0.716     0.977     0.945     0.826     0.714    0.0475     0.183
       362      2.15     0.768    0.0739     0.242      1.08        35       608      0.71      0.98     0.946     0.822     0.715    0.0474     0.193
       363      2.15     0.766    0.0739     0.183      1.02        27       608     0.708     0.977     0.944      0.82     0.713    0.0474      0.19
       364      2.15     0.771    0.0753     0.288      1.13        30       608     0.716     0.977     0.943     0.826     0.712    0.0475     0.185
       365      2.15     0.774    0.0743     0.228      1.08        33       608     0.717     0.981     0.949     0.827      0.71    0.0476      0.19
       366      2.15     0.761    0.0739     0.277      1.11        29       608     0.723     0.976     0.943     0.829      0.71    0.0473     0.195
       367      2.15     0.765    0.0718     0.217      1.05        21       608     0.708      0.98     0.947     0.821     0.716    0.0474     0.194
       368      2.15     0.765    0.0733     0.277      1.12        19       608     0.715      0.98     0.946     0.826     0.713    0.0475     0.205
       369      2.15      0.76    0.0719     0.225      1.06        25       608     0.705     0.977     0.943     0.818     0.714    0.0475     0.202
       370      2.15     0.768    0.0736     0.246      1.09        24       608     0.725      0.98     0.947     0.832     0.713    0.0474     0.203
       371      2.15     0.762    0.0724     0.202      1.04        24       608     0.718     0.976     0.943     0.827     0.712    0.0473       0.2
       372      2.15     0.767    0.0732     0.174      1.01        32       608     0.709      0.98     0.947     0.821     0.714    0.0475     0.197
       373      2.15     0.774    0.0747     0.208      1.06        27       608     0.718     0.977     0.943     0.827      0.71    0.0474     0.204
       374      2.15     0.761    0.0738      0.19      1.02        19       608    0.0692     0.994     0.954     0.129     0.712    0.0476     0.196
