         0      2.15         3     0.508      30.9      34.4        18       608    0.0721   0.00801   0.00479    0.0144      2.81      0.45       5.4
         1      2.15      2.88     0.423      7.77      11.1        18       608     0.133   0.00801   0.00417    0.0151      2.73     0.389      4.15
         2      2.15      2.78     0.387      5.05      8.22        19       608    0.0556      0.01   0.00318     0.017      2.63     0.366       2.7
         3      2.15      2.66     0.355      3.85      6.87        16       608     0.191     0.045    0.0117    0.0639      2.46     0.322       1.9
         4      2.15      2.53     0.329      2.85      5.71        21       608     0.126     0.101    0.0301     0.107      2.35     0.299      2.07
         5      2.15      2.42     0.309      2.71      5.44        19       608     0.276     0.112    0.0457     0.154      2.25     0.294       1.4
         6      2.15      2.33     0.292      2.26      4.88        19       608     0.292     0.131    0.0584      0.17      2.12     0.282      1.37
         7      2.15      2.27     0.285      2.41      4.96        21       608     0.201     0.152    0.0493     0.167       2.1     0.264      0.93
         8      2.15      2.21     0.274      2.16      4.64        17       608     0.274     0.211     0.108     0.227      2.03     0.252     0.958
         9      2.15      2.15     0.265      1.89       4.3        15       608     0.348     0.297     0.148     0.313      1.99     0.241     0.688
        10      2.15      2.11      0.26      1.85      4.22        20       608     0.391     0.241     0.146     0.292      1.94     0.238     0.676
        11      2.15      2.07     0.253      1.65      3.98        24       608     0.362     0.249     0.136     0.292      1.87      0.23     0.502
        12      2.15      2.01     0.243      1.26      3.51        17       608     0.321     0.313     0.173       0.3      1.87     0.217     0.946
        13      2.15         2     0.236      1.54      3.78        23       608     0.301     0.353     0.176     0.323      1.82      0.21     0.398
        14      2.15      1.97     0.234      1.61      3.82        17       608      0.35     0.361     0.206     0.352      1.84     0.209     0.727
        15      2.15      1.94     0.226      1.35      3.51        20       608     0.408     0.382     0.231     0.386       1.8     0.212     0.641
        16      2.15      1.91     0.218       1.2      3.32        27       608     0.317     0.468     0.262     0.378      1.78     0.194     0.617
        17      2.15      1.89     0.213       1.3       3.4        18       608     0.377      0.41     0.247      0.39      1.73     0.191     0.636
        18      2.15      1.87     0.208     0.986      3.06        19       608     0.316     0.455     0.262     0.359      1.69     0.189     0.616
        19      2.15      1.83     0.203     0.983      3.01        15       608      0.42     0.441     0.288     0.425      1.69     0.181     0.536
        20      2.15      1.82     0.199     0.921      2.94        18       608     0.316     0.559     0.343     0.403      1.68     0.178     0.695
        21      2.15      1.79     0.196      1.02      3.01        20       608     0.449     0.398     0.281      0.39      1.72      0.19     0.548
        22      2.15      1.82     0.201      1.38       3.4        18       608     0.337      0.54     0.348     0.412      1.67     0.175     0.716
        23      2.15      1.78     0.194     0.974      2.95        25       608     0.368     0.499     0.301     0.416      1.68     0.176     0.748
        24      2.15      1.79     0.191      1.19      3.17        16       608     0.391     0.572     0.378      0.46      1.64     0.168     0.496
        25      2.15      1.77     0.192      1.06      3.03        17       608     0.396     0.499     0.336     0.431      1.62     0.174     0.861
        26      2.15      1.73     0.185      0.85      2.77        19       608     0.398     0.569     0.401     0.468      1.62     0.166     0.861
        27      2.15      1.75     0.189      1.12      3.06        17       608       0.4     0.555      0.36      0.46      1.62     0.162     0.375
        28      2.15      1.72      0.18     0.948      2.85        24       608       0.4     0.586     0.413      0.47      1.55     0.158      0.57
        29      2.15      1.69     0.179     0.868      2.73        22       608     0.463     0.528      0.38     0.488      1.56     0.162     0.475
        30      2.15      1.69     0.176     0.896      2.76        14       608     0.415     0.626     0.433     0.489      1.56     0.157     0.387
        31      2.15      1.66     0.169     0.643      2.48        16       608     0.405      0.62     0.448     0.477      1.54     0.149     0.299
        32      2.15      1.65     0.167     0.659      2.47        17       608     0.411      0.64     0.453     0.486      1.57     0.147     0.339
        33      2.15      1.64     0.163     0.753      2.56        17       608     0.403     0.672     0.471     0.502      1.53     0.142     0.454
        34      2.15      1.63     0.162     0.886      2.68        29       608      0.38     0.692     0.501     0.485      1.51     0.147     0.408
        35      2.15      1.62     0.164     0.731      2.52        22       608     0.379     0.651     0.437     0.475      1.51     0.149     0.368
        36      2.15      1.62      0.16     0.777      2.56        15       608     0.393     0.699     0.495     0.494      1.48     0.143     0.343
        37      2.15       1.6     0.163     0.761      2.53        26       608     0.371     0.679     0.488     0.477      1.47     0.143     0.333
        38      2.15      1.58     0.156      0.64      2.38        21       608     0.385     0.714      0.54     0.494      1.45     0.142      0.38
        39      2.15      1.56     0.154     0.503      2.22        17       608     0.396     0.725     0.533     0.507      1.43     0.134     0.205
        40      2.15      1.54     0.146     0.476      2.16        18       608      0.41     0.707     0.531     0.517      1.46     0.134     0.303
        41      2.15      1.55     0.148     0.515      2.21        13       608     0.418     0.707     0.524     0.519      1.44     0.136     0.368
        42      2.15      1.55     0.152     0.705      2.41        22       608     0.455     0.688     0.523     0.534      1.45     0.134     0.427
        43      2.15      1.54     0.149     0.572      2.26        17       608      0.46     0.703     0.536     0.544       1.4     0.132     0.521
        44      2.15      1.52     0.148     0.491      2.16        22       608     0.436      0.72      0.53      0.53      1.42     0.131     0.398
        45      2.15      1.55     0.152         1       2.7        19       608     0.434      0.68     0.515     0.516      1.46     0.141     0.343
        46      2.15      1.54     0.149     0.639      2.32        19       608     0.416     0.706     0.555     0.523      1.39     0.135     0.433
        47      2.15      1.54      0.15     0.877      2.57        23       608     0.396       0.7     0.511     0.499      1.43     0.139     0.636
        48      2.15      1.53      0.15     0.785      2.46        19       608     0.394     0.713     0.533     0.506      1.43     0.129     0.382
        49      2.15      1.52     0.149      0.79      2.46        16       608     0.421     0.735     0.563     0.518      1.43      0.13     0.305
        50      2.15       1.5     0.144      0.69      2.34        16       608     0.442     0.717     0.563     0.542      1.39     0.124     0.284
        51      2.15      1.48     0.139     0.579       2.2        22       608     0.447     0.755     0.587     0.549      1.34     0.122     0.256
        52      2.15      1.45     0.134      0.61       2.2        14       608     0.433     0.752      0.59     0.541      1.37     0.121     0.332
        53      2.15      1.43     0.134     0.573      2.14        17       608     0.487     0.748     0.611     0.578      1.34     0.122     0.383
        54      2.15      1.43     0.132     0.454      2.01        18       608      0.49     0.714     0.602      0.58      1.36     0.118     0.929
        55      2.15      1.45     0.135     0.574      2.16        17       608     0.472     0.777     0.619     0.574      1.32      0.12      0.22
        56      2.15      1.43     0.131     0.521      2.08        19       608     0.442     0.783     0.622     0.561      1.32     0.116     0.333
        57      2.15      1.42     0.131      0.44      1.99        13       608     0.422      0.79     0.632     0.548      1.35     0.115      0.42
        58      2.15      1.44     0.134     0.881      2.46        20       608     0.391      0.75     0.554     0.499      1.43     0.132     0.335
        59      2.15      1.47     0.143     0.912      2.52        26       608     0.464     0.726     0.568     0.561      1.35     0.121      0.45
        60      2.15      1.42      0.13     0.434      1.99        19       608     0.467     0.755     0.608     0.574       1.3     0.118     0.432
        61      2.15      1.43     0.132     0.516      2.08        20       608     0.438     0.786     0.621      0.56      1.33     0.116     0.419
        62      2.15       1.4     0.133       0.6      2.13        21       608     0.467     0.771     0.611     0.579      1.31     0.119     0.321
        63      2.15      1.42     0.132     0.585      2.14        19       608      0.44     0.813     0.653      0.57      1.32     0.114     0.353
        64      2.15       1.4     0.127     0.498      2.02        17       608      0.47     0.788      0.65     0.582       1.3     0.111      0.39
        65      2.15      1.37     0.123     0.471      1.97        24       608     0.423     0.798     0.643      0.54      1.27     0.112     0.374
        66      2.15      1.39     0.126     0.642      2.16        19       608     0.512     0.768     0.653     0.605      1.28     0.114     0.355
        67      2.15      1.38     0.127     0.585       2.1        19       608     0.545     0.766     0.646      0.63      1.26     0.113     0.537
        68      2.15      1.38     0.124     0.553      2.05        21       608     0.457     0.762     0.617     0.561       1.3     0.113     0.396
        69      2.15      1.37     0.124     0.426      1.92        19       608     0.447      0.81     0.658     0.571      1.23     0.106     0.303
        70      2.15      1.34     0.118     0.444       1.9        21       608     0.477     0.811     0.679     0.597      1.21     0.105     0.303
        71      2.15       1.3     0.116     0.365      1.78        18       608     0.441     0.833     0.674     0.564      1.21     0.107     0.235
        72      2.15      1.31     0.116     0.423      1.85        23       608     0.465     0.821     0.688      0.59      1.21     0.103     0.322
        73      2.15       1.3     0.114     0.416      1.83        21       608     0.473     0.826     0.696       0.6       1.2     0.104       0.3
        74      2.15      1.31     0.114      0.47      1.89        24       608     0.516     0.792      0.66      0.61      1.21     0.107     0.294
        75      2.15      1.32     0.117      0.36      1.79        14       608      0.44     0.847     0.704     0.575      1.19     0.101      0.22
        76      2.15      1.31     0.115     0.453      1.87        17       608     0.458     0.786     0.672     0.568      1.24     0.115     0.429
        77      2.15      1.32     0.118     0.501      1.94        21       608     0.499       0.8      0.68     0.605      1.24     0.106     0.215
        78      2.15      1.29     0.116     0.433      1.84        20       608      0.46      0.84     0.692     0.591      1.21     0.101     0.262
        79      2.15      1.32     0.115     0.561      1.99        19       608     0.475     0.832     0.701     0.594      1.27     0.105     0.209
        80      2.15      1.32     0.116     0.455      1.89        24       608     0.465     0.804     0.671     0.576      1.25     0.109     0.429
        81      2.15      1.34     0.122     0.648      2.11        12       608     0.457     0.843     0.688     0.592      1.25     0.105     0.422
        82      2.15       1.3     0.115     0.356      1.77        27       608     0.498     0.849      0.72     0.626      1.19     0.101     0.248
        83      2.15      1.27      0.11     0.424      1.81        18       608     0.491     0.856     0.719     0.608      1.19    0.0987      0.18
        84      2.15      1.27     0.111     0.456      1.84        16       608      0.49     0.864     0.731     0.612      1.16    0.0996     0.173
        85      2.15      1.28     0.112     0.458      1.85        29       608     0.482     0.852     0.718     0.598      1.18    0.0994     0.228
        86      2.15      1.26     0.111     0.408      1.78        14       608     0.433     0.857     0.709     0.548      1.21     0.106      0.21
        87      2.15       1.3     0.115      0.51      1.93        18       608     0.479     0.816     0.696     0.601      1.19     0.102     0.297
        88      2.15      1.27     0.109     0.371      1.75        27       608     0.511     0.828     0.714     0.625      1.19    0.0966      0.19
        89      2.15      1.28      0.11     0.533      1.92        16       608     0.541     0.837      0.74     0.651      1.16    0.0997     0.213
        90      2.15      1.28     0.114      0.51       1.9        20       608       0.5     0.836     0.723     0.622      1.17     0.101     0.707
        91      2.15      1.25     0.108     0.481      1.84        12       608     0.539     0.834     0.728     0.649      1.13    0.0965     0.263
        92      2.15      1.24     0.107      0.45       1.8        14       608      0.58     0.832      0.74     0.683      1.16     0.095      0.31
        93      2.15      1.26     0.109     0.465      1.84        27       608     0.451     0.872     0.737     0.581      1.16     0.103     0.251
        94      2.15      1.25     0.109     0.502      1.86        17       608     0.504      0.86     0.739     0.634      1.15    0.0969     0.257
        95      2.15      1.25     0.108     0.476      1.83        20       608     0.563     0.826     0.729      0.66      1.16       0.1     0.281
        96      2.15      1.22     0.106     0.363      1.69        20       608     0.549     0.859      0.75     0.667       1.1    0.0926     0.286
        97      2.15      1.21     0.101     0.434      1.75        18       608     0.483     0.872     0.749     0.616      1.15    0.0939     0.325
        98      2.15      1.24     0.109     0.542      1.89        19       608     0.484     0.833     0.721      0.61      1.16    0.0992     0.395
        99      2.15      1.23     0.106     0.405      1.74        17       608     0.492     0.852     0.741     0.611      1.13    0.0983     0.412
       100      2.15      1.23     0.106     0.355      1.69        17       608     0.547     0.847     0.751      0.66      1.15    0.0941     0.272
       101      2.15      1.21     0.102     0.339      1.65        16       608       0.5      0.86     0.755     0.624      1.12    0.0928     0.236
       102      2.15       1.2     0.102     0.485      1.78        20       608     0.542     0.849     0.746     0.654      1.12    0.0925     0.209
       103      2.15      1.29     0.115     0.743      2.15        14       608     0.467     0.802     0.673     0.578      1.24     0.103     0.297
       104      2.15      1.33      0.12     0.745       2.2        20       608      0.41     0.827     0.689     0.547       1.2     0.107     0.381
       105      2.15      1.27     0.113      0.48      1.87        16       608      0.49     0.849     0.732     0.609      1.14    0.0952     0.273
       106      2.15      1.27     0.111     0.577      1.96        19       608     0.534     0.799     0.699     0.638      1.22     0.102     0.373
       107      2.15      1.27      0.11     0.497      1.88        17       608     0.502     0.828     0.721     0.625      1.17     0.101     0.197
       108      2.15      1.23     0.106     0.405      1.74        23       608     0.526     0.817     0.711     0.629      1.22     0.104     0.394
       109      2.15      1.26     0.108     0.541      1.91        18       608     0.521     0.836     0.718      0.64      1.16    0.0949     0.425
       110      2.15      1.22     0.104     0.454      1.78        16       608     0.457     0.874     0.753     0.596      1.13    0.0937     0.334
       111      2.15       1.2       0.1     0.432      1.73        14       608     0.539     0.867     0.759     0.649       1.1    0.0918     0.218
       112      2.15      1.22     0.105     0.515      1.84        18       608     0.504      0.84     0.728     0.628      1.17    0.0978     0.279
       113      2.15      1.26     0.111     0.501      1.88        21       608      0.51     0.853     0.728     0.634      1.16    0.0935     0.216
       114      2.15      1.21     0.102     0.295       1.6        17       608     0.486     0.878     0.774     0.613      1.12    0.0927     0.237
       115      2.15      1.21     0.101     0.352      1.66        18       608     0.477     0.878      0.76     0.616      1.09      0.09     0.314
       116      2.15      1.17    0.0975     0.473      1.74        22       608     0.512     0.881     0.775      0.64       1.1    0.0915     0.322
       117      2.15      1.22     0.104     0.584       1.9        12       608     0.554     0.832     0.736     0.662      1.11    0.0967     0.226
       118      2.15      1.19     0.102     0.423      1.72        18       608     0.586     0.862     0.763     0.692      1.08    0.0913     0.318
       119      2.15      1.16     0.097     0.328      1.58        18       608      0.54      0.88     0.778     0.663      1.06    0.0894     0.221
       120      2.15      1.16    0.0959     0.379      1.63        16       608     0.579     0.844     0.755     0.684      1.09     0.092     0.305
       121      2.15      1.15    0.0947     0.312      1.55        20       608     0.503     0.897     0.791     0.642      1.08    0.0874     0.198
       122      2.15      1.15    0.0965     0.427      1.68        13       608     0.507     0.854     0.769     0.637      1.08    0.0885     0.272
       123      2.15      1.13    0.0944     0.291      1.52        17       608     0.517     0.877     0.783     0.646      1.07    0.0864     0.209
       124      2.15      1.15    0.0944     0.384      1.63        19       608     0.523     0.881     0.774     0.651      1.09    0.0907     0.271
       125      2.15      1.19     0.104     0.603       1.9        19       608     0.474     0.842     0.722     0.604      1.15    0.0992     0.414
       126      2.15      1.22     0.107     0.522      1.85        17       608     0.521      0.85     0.745     0.637      1.11    0.0964     0.273
       127      2.15       1.2     0.103      0.47      1.77        28       608     0.511     0.885     0.777     0.647      1.11    0.0876     0.212
       128      2.15      1.18       0.1     0.486      1.76        16       608     0.531     0.866     0.764     0.655      1.11    0.0876     0.199
       129      2.15      1.14    0.0959     0.336      1.57        14       608     0.531      0.88     0.793     0.659      1.06    0.0839     0.183
       130      2.15      1.13    0.0938     0.415      1.64        21       608     0.508     0.872     0.777     0.639      1.07    0.0868     0.213
       131      2.15      1.13    0.0935     0.328      1.55        19       608     0.548     0.885     0.783     0.671      1.05     0.085       0.3
       132      2.15      1.15     0.094     0.324      1.57        17       608      0.49      0.88     0.767      0.62      1.09    0.0873     0.342
       133      2.15      1.15     0.094      0.39      1.63        18       608     0.502      0.88     0.789     0.639      1.08    0.0871     0.337
       134      2.15      1.12    0.0917     0.399      1.61        22       608     0.567     0.885     0.802     0.688      1.03    0.0806     0.262
       135      2.15       1.1     0.088     0.314       1.5        12       608     0.546     0.901     0.805     0.665      1.05    0.0845     0.271
       136      2.15      1.08    0.0865     0.269      1.43        24       608     0.542     0.915     0.824     0.675      1.01    0.0803     0.248
       137      2.15      1.07    0.0851     0.223      1.38        20       608     0.539     0.911     0.824     0.666     0.999    0.0789     0.175
       138      2.15      1.08    0.0869     0.262      1.43        19       608     0.552      0.89     0.806     0.678      1.03    0.0807     0.194
       139      2.15      1.07    0.0872     0.275      1.43        24       608     0.576     0.904     0.825     0.702      1.02    0.0792     0.203
       140      2.15      1.09    0.0865     0.368      1.55        14       608     0.629     0.875     0.809      0.73      1.03      0.08     0.193
       141      2.15      1.11    0.0886     0.328      1.53        26       608     0.525     0.896     0.809     0.661      1.03    0.0812     0.256
       142      2.15      1.11     0.087     0.368      1.56        17       608     0.585     0.881      0.79     0.701      1.02    0.0829     0.252
       143      2.15       1.1    0.0897     0.402       1.6        17       608     0.514     0.917     0.818     0.646      1.04    0.0894     0.166
       144      2.15      1.11    0.0934     0.362      1.57        19       608     0.578     0.908     0.821     0.699      1.03    0.0818     0.276
       145      2.15      1.08    0.0862     0.231      1.39        24       608     0.595     0.899     0.822     0.715      1.03    0.0795     0.278
       146      2.15      1.07    0.0835     0.273      1.43        16       608     0.588     0.901     0.824     0.711      1.01    0.0781     0.237
       147      2.15      1.07    0.0854     0.333      1.49        14       608     0.542      0.91     0.815     0.679      1.01    0.0794     0.279
       148      2.15      1.08    0.0863     0.317      1.49        14       608     0.581     0.908     0.832     0.704      1.01    0.0799     0.217
       149      2.15      1.07    0.0848     0.315      1.47        21       608     0.588     0.911     0.838     0.711     0.965    0.0768     0.174
       150      2.15      1.11    0.0928     0.503       1.7        20       608     0.547      0.86     0.772     0.663      1.07    0.0828     0.198
       151      2.15      1.11    0.0912     0.354      1.55        16       608     0.523     0.919     0.821     0.661      1.03     0.081     0.224
       152      2.15      1.09    0.0871     0.495      1.67        21       608     0.484     0.913     0.816     0.624      1.03    0.0851     0.263
       153      2.15      1.11    0.0912     0.465      1.67        17       608     0.567     0.894     0.815     0.684      1.04    0.0837     0.215
       154      2.15       1.1    0.0908     0.472      1.67        19       608     0.534     0.888     0.807     0.662     0.991    0.0824     0.305
       155      2.15      1.09    0.0892     0.409      1.58        20       608     0.591     0.863     0.789       0.7      1.02    0.0812     0.265
       156      2.15       1.1    0.0894     0.325      1.51        18       608     0.519     0.897     0.812     0.658      1.06    0.0806     0.228
       157      2.15      1.07    0.0851     0.401      1.56        18       608     0.595     0.893     0.825     0.712         1    0.0785     0.252
       158      2.15      1.09    0.0882     0.229      1.41        19       608     0.507     0.907     0.814     0.646      1.04    0.0769     0.214
       159      2.15      1.16    0.0985     0.649      1.91        14       608     0.546     0.881     0.764     0.651      1.09    0.0961     0.285
       160      2.15      1.17    0.0966     0.441       1.7        20       608     0.523     0.897     0.807     0.654      1.08     0.081     0.251
       161      2.15      1.17    0.0957     0.509      1.78        26       608      0.48     0.906     0.803     0.619      1.09    0.0872     0.372
       162      2.15      1.13     0.091     0.321      1.54        23       608     0.563     0.876      0.79     0.684      1.08    0.0837     0.603
       163      2.15      1.13    0.0937     0.402      1.63        18       608     0.537     0.917     0.824      0.67      1.06    0.0828     0.288
       164      2.15      1.12    0.0929     0.428      1.65        25       608     0.554     0.905     0.807     0.683      1.08    0.0848     0.525
       165      2.15      1.12    0.0944     0.452      1.67        19       608      0.56      0.89     0.814     0.675      1.03    0.0832     0.274
       166      2.15      1.11    0.0896     0.475      1.67        21       608     0.558     0.908     0.818     0.682      1.07    0.0876     0.248
       167      2.15       1.1    0.0902     0.358      1.55        19       608     0.553     0.893     0.808     0.676      1.03    0.0842       0.2
       168      2.15      1.08    0.0869      0.31      1.48        16       608     0.562     0.904     0.833     0.683      1.02    0.0773     0.207
       169      2.15      1.08    0.0866     0.371      1.54        14       608     0.546       0.9     0.831     0.677      1.07    0.0777     0.301
       170      2.15      1.06    0.0828     0.319      1.46        16       608       0.6     0.894     0.827     0.718      0.98    0.0773     0.306
       171      2.15      1.05    0.0821     0.406      1.54        24       608     0.578     0.913     0.837     0.703     0.996    0.0753     0.207
       172      2.15      1.05     0.084     0.333      1.46        21       608     0.531     0.906     0.827     0.663      1.04    0.0778     0.266
       173      2.15      1.05    0.0822     0.329      1.46        20       608     0.602     0.911     0.834      0.72     0.986    0.0736       0.2
       174      2.15      1.04    0.0801     0.351      1.48        28       608     0.526     0.927     0.847     0.664     0.974     0.075      0.22
       175      2.15      1.04    0.0822     0.339      1.47        19       608     0.583     0.894     0.822     0.703     0.982    0.0798     0.558
       176      2.15      1.07    0.0875      0.41      1.57        15       608      0.51     0.904     0.807     0.646      1.02    0.0783     0.228
       177      2.15      1.06    0.0844     0.358       1.5        16       608     0.531     0.915     0.832     0.672      1.04    0.0774     0.198
       178      2.15      1.06    0.0825     0.368      1.51        21       608     0.561     0.912     0.835     0.694      1.01    0.0765     0.231
       179      2.15      1.06    0.0859     0.492      1.64        15       608     0.567     0.897     0.813     0.687      1.03    0.0809     0.286
       180      2.15      1.09    0.0883     0.398      1.57        22       608     0.571     0.886     0.823     0.693      1.02    0.0772     0.224
       181      2.15      1.08    0.0827     0.406      1.57        19       608       0.5     0.908     0.828     0.641      1.01    0.0772     0.239
       182      2.15      1.06     0.087     0.337      1.49        19       608      0.59     0.901     0.833     0.712      1.02    0.0768     0.192
       183      2.15      1.04    0.0834     0.341      1.47        21       608     0.565     0.902     0.831     0.694     0.964    0.0764     0.246
       184      2.15      1.03     0.082     0.329      1.44        21       608     0.549     0.907     0.828     0.678     0.977    0.0783     0.205
       185      2.15      1.04    0.0805     0.305      1.42        19       608      0.61     0.913     0.849     0.725     0.953    0.0708     0.174
       186      2.15      1.02    0.0777     0.391      1.49        15       608     0.627     0.909     0.851      0.74     0.992    0.0725     0.252
       187      2.15      1.04    0.0793      0.36      1.48        12       608     0.584     0.924     0.856     0.711     0.968    0.0717     0.172
       188      2.15      1.04    0.0797     0.373      1.49        17       608       0.6     0.913     0.851     0.723     0.984    0.0746     0.268
       189      2.15      1.05    0.0831     0.377      1.51        20       608     0.623     0.911     0.844     0.738     0.947    0.0746     0.228
       190      2.15      1.03    0.0779     0.296       1.4        24       608     0.598     0.916     0.851     0.719     0.948    0.0713     0.202
       191      2.15         1    0.0762     0.272      1.35        16       608     0.601     0.925      0.86     0.728     0.938    0.0713     0.236
       192      2.15     0.991    0.0758      0.26      1.33        15       608     0.564     0.918     0.854     0.695     0.959    0.0707     0.181
       193      2.15     0.998    0.0767     0.329       1.4        21       608     0.564     0.928      0.86     0.698     0.957    0.0731     0.211
       194      2.15         1    0.0781     0.298      1.38        17       608     0.649     0.899     0.836     0.749     0.969    0.0732     0.195
       195      2.15      1.11    0.0921      0.66      1.87        16       608     0.423     0.836     0.704     0.531      1.18     0.113     0.358
       196      2.15      1.31     0.115      1.25      2.67        18       608     0.551     0.809     0.704     0.645      1.21    0.0937     0.382
       197      2.15      1.25     0.109     0.625      1.98        15       608     0.537     0.855     0.762     0.652      1.08    0.0881     0.281
       198      2.15      1.16    0.0968     0.484      1.74        23       608     0.606     0.858     0.787      0.71      1.08    0.0816     0.306
       199      2.15      1.26     0.111     0.989      2.36        21       608     0.458     0.824     0.709     0.587      1.18     0.103      0.71
       200      2.15      1.26     0.111     0.742      2.11        23       608     0.532     0.884      0.78     0.652      1.12    0.0878     0.326
       201      2.15      1.17    0.0958     0.489      1.75        21       608     0.484     0.909     0.804     0.627      1.06    0.0832      0.39
       202      2.15       1.1    0.0912     0.393      1.59        16       608     0.539     0.903     0.821     0.671      1.03    0.0796     0.247
       203      2.15      1.11    0.0904     0.374      1.57        19       608     0.601     0.886     0.804     0.709      1.04    0.0813     0.294
       204      2.15      1.11    0.0913     0.397       1.6        19       608     0.505     0.904     0.811     0.638      1.04    0.0855     0.268
       205      2.15      1.14    0.0968     0.584      1.82        30       608     0.533     0.898     0.809     0.655      1.05     0.085     0.323
       206      2.15      1.12    0.0902     0.402      1.61        24       608     0.567     0.871     0.779      0.68      1.05    0.0862     0.281
       207      2.15      1.16     0.101     0.587      1.85        15       608     0.574     0.873     0.782     0.679      1.07    0.0884     0.378
       208      2.15      1.14    0.0947     0.626      1.86        14       608     0.518     0.893     0.799     0.649      1.03    0.0816     0.272
       209      2.15      1.12    0.0949     0.559      1.77        20       608     0.594     0.901     0.822     0.708      1.03    0.0876     0.316
       210      2.15       1.1    0.0882     0.498      1.69        14       608     0.585     0.918      0.84      0.71      1.01    0.0774     0.306
       211      2.15      1.05    0.0831     0.427      1.56        21       608     0.535     0.917     0.837     0.673     0.975    0.0751      0.26
       212      2.15      1.04    0.0817     0.337      1.46        20       608     0.608     0.905     0.837     0.724     0.992     0.072     0.272
       213      2.15      1.04    0.0805     0.291      1.41        23       608     0.542     0.928     0.854      0.68     0.979     0.076     0.197
       214      2.15      1.04    0.0801     0.388       1.5        18       608     0.672     0.901     0.842     0.765     0.959    0.0742     0.294
       215      2.15      1.02    0.0784     0.318      1.42        15       608     0.625     0.909     0.852      0.74     0.972      0.07     0.252
       216      2.15      1.01    0.0752     0.298      1.38        14       608     0.609     0.914     0.853     0.727     0.949    0.0698     0.322
       217      2.15      1.01    0.0784     0.312       1.4        21       608     0.604     0.915     0.856     0.722     0.962    0.0693      0.27
       218      2.15         1    0.0757     0.291      1.37        14       608      0.62     0.914     0.852     0.738     0.974    0.0713     0.245
       219      2.15     0.971    0.0773     0.283      1.33        15       608     0.567     0.939     0.874     0.706     0.894    0.0688      0.23
       220      2.15     0.923    0.0742     0.236      1.23        15       608     0.571     0.931     0.867     0.706     0.881    0.0681     0.229
       221      2.15      0.92    0.0748     0.294      1.29        17       608     0.585     0.933      0.87     0.716     0.875    0.0673     0.224
       222      2.15     0.917    0.0734      0.28      1.27        23       608     0.567      0.94     0.876     0.703     0.873     0.067     0.212
       223      2.15     0.906    0.0722     0.326       1.3        13       608     0.586     0.931     0.871     0.718     0.876    0.0669     0.219
       224      2.15     0.897    0.0719     0.212      1.18        16       608      0.56     0.938     0.877       0.7     0.864    0.0662     0.213
       225      2.15     0.894    0.0714     0.245      1.21        16       608     0.582      0.94     0.879     0.717     0.863    0.0661     0.216
       226      2.15     0.895    0.0716     0.243      1.21        12       608     0.576     0.945      0.88     0.713     0.855    0.0659      0.21
       227      2.15     0.893    0.0719     0.249      1.21        21       608     0.591     0.933     0.874     0.721     0.854    0.0655     0.218
       228      2.15      0.89    0.0714     0.294      1.26        25       608      0.61     0.936      0.88     0.737     0.852    0.0652     0.216
       229      2.15     0.881    0.0718     0.224      1.18        29       608     0.588     0.941     0.885     0.721     0.857    0.0652     0.211
       230      2.15     0.888     0.071     0.261      1.22        21       608     0.602     0.934     0.878     0.729     0.856    0.0651     0.214
       231      2.15     0.896    0.0703     0.251      1.22        19       608      0.59     0.939     0.881     0.723     0.859    0.0651     0.214
       232      2.15     0.884    0.0699     0.307      1.26        16       608     0.588     0.944     0.883     0.721     0.853    0.0655     0.212
       233      2.15     0.892    0.0719     0.294      1.26        20       608     0.603     0.936     0.881     0.732     0.843    0.0647     0.221
       234      2.15      0.89    0.0683     0.253      1.21        17       608     0.598     0.935      0.88     0.728     0.844    0.0645     0.215
       235      2.15     0.882    0.0701      0.27      1.22        19       608     0.596     0.946     0.888     0.729     0.851    0.0647     0.213
       236      2.15     0.881     0.071     0.281      1.23        23       608     0.597     0.937      0.88     0.727     0.848    0.0647     0.207
       237      2.15     0.874    0.0697      0.23      1.17        19       608     0.591     0.942     0.883     0.723     0.846    0.0644     0.204
       238      2.15     0.884    0.0699     0.262      1.22        18       608     0.608     0.941     0.885     0.735     0.839    0.0641     0.203
       239      2.15     0.876    0.0682     0.266      1.21        20       608       0.6     0.942     0.885     0.731     0.837    0.0639     0.205
       240      2.15     0.879    0.0689     0.284      1.23        18       608     0.598     0.946     0.886      0.73     0.836     0.064     0.202
       241      2.15     0.873    0.0689     0.264      1.21        21       608     0.594     0.945     0.888     0.728     0.847    0.0636     0.208
       242      2.15     0.877     0.068     0.215      1.16        19       608     0.593     0.944     0.883     0.726     0.837    0.0639     0.202
       243      2.15     0.872    0.0689     0.249      1.19        17       608     0.585     0.945     0.888      0.72     0.834    0.0637     0.198
       244      2.15      0.87    0.0681     0.242      1.18        21       608     0.586     0.946     0.883     0.721     0.829    0.0635       0.2
       245      2.15      0.87    0.0677     0.228      1.17        24       608     0.599      0.95     0.891     0.731      0.84    0.0634     0.196
       246      2.15     0.866    0.0676     0.206      1.14        16       608     0.601     0.947     0.886     0.733     0.841    0.0634     0.201
       247      2.15     0.869    0.0679     0.256      1.19        16       608     0.588     0.948     0.888     0.723     0.827    0.0636     0.205
       248      2.15     0.858    0.0679      0.21      1.14        21       608     0.593      0.95     0.891     0.727     0.823    0.0633     0.198
       249      2.15     0.859    0.0677     0.163      1.09        19       608     0.597     0.946     0.888     0.729     0.822    0.0633     0.198
       250      2.15     0.848    0.0679     0.236      1.15        16       608     0.601     0.944     0.886     0.733     0.825    0.0633     0.205
       251      2.15     0.862     0.068     0.232      1.16        24       608     0.594     0.948     0.886     0.728      0.82    0.0633     0.202
       252      2.15     0.862    0.0678      0.25      1.18        16       608     0.607     0.941     0.883     0.735     0.821    0.0632     0.197
       253      2.15     0.866    0.0681     0.256      1.19        15       608      0.59      0.95     0.889     0.725     0.821    0.0633     0.201
       254      2.15     0.851    0.0686     0.233      1.15        17       608     0.601     0.944     0.886     0.732     0.823    0.0633     0.201
       255      2.15     0.866    0.0667     0.331      1.26        16       608     0.609     0.941     0.885     0.738      0.82    0.0631     0.202
       256      2.15     0.848    0.0675     0.201      1.12        14       608     0.611     0.942     0.885     0.739     0.822    0.0632     0.205
       257      2.15     0.857    0.0677      0.26      1.19        21       608     0.605     0.938     0.882     0.734     0.822    0.0633     0.204
       258      2.15     0.861    0.0679      0.25      1.18        18       608      0.59     0.948     0.891     0.725     0.826    0.0636     0.206
       259      2.15     0.863    0.0676     0.249      1.18        18       608     0.581     0.949     0.889     0.719      0.82    0.0633     0.204
       260      2.15     0.858    0.0677      0.22      1.15        24       608     0.604     0.937     0.883     0.733     0.822    0.0631     0.203
       261      2.15     0.854    0.0692      0.24      1.16        17       608      0.61     0.934      0.88     0.736     0.823    0.0632     0.206
       262      2.15     0.854    0.0673     0.205      1.13        21       608     0.608     0.939     0.885     0.737     0.825    0.0632     0.209
       263      2.15     0.851    0.0694      0.23      1.15        14       608     0.607     0.947     0.889     0.737     0.823    0.0631     0.202
       264      2.15     0.848    0.0686     0.174      1.09        18       608     0.598     0.948     0.889     0.731     0.825    0.0632     0.198
       265      2.15     0.851    0.0682     0.235      1.15        22       608     0.604     0.943     0.886     0.735      0.82    0.0629     0.198
       266      2.15     0.849    0.0669     0.273      1.19        18       608      0.61     0.938     0.883     0.737     0.823     0.063     0.203
       267      2.15     0.847    0.0677     0.244      1.16        16       608     0.588     0.948     0.888     0.723      0.82    0.0633     0.198
       268      2.15      0.85    0.0672     0.236      1.15        17       608     0.599      0.94     0.885      0.73     0.822    0.0631     0.205
       269      2.15     0.853    0.0672     0.242      1.16        20       608     0.603     0.941     0.886     0.733     0.821     0.063     0.205
       270      2.15      0.86    0.0672     0.214      1.14        16       608     0.616     0.935     0.881     0.742     0.821    0.0631     0.204
       271      2.15     0.856    0.0679      0.26      1.18        20       608     0.609     0.944     0.887     0.739      0.82    0.0629     0.202
       272      2.15     0.851    0.0682     0.294      1.21        15       608     0.037     0.989     0.906    0.0714      0.82    0.0631     0.204
       273      2.14      0.93    0.0686     0.277      1.28        18       608     0.569     0.936     0.876     0.704     0.896    0.0657     0.212
       274      2.15     0.955    0.0704     0.257      1.28        18       608     0.593     0.935     0.883     0.721      0.93     0.065     0.171
       275      2.15     0.966    0.0724     0.277      1.32        19       608     0.585     0.946     0.892     0.721     0.919    0.0649     0.204
       276      2.15     0.969     0.073     0.236      1.28        16       608     0.567     0.925     0.864     0.701     0.944    0.0669     0.213
       277      2.15      0.97     0.072     0.281      1.32        21       608     0.556     0.931     0.863     0.687     0.923    0.0716     0.244
       278      2.15     0.972    0.0747     0.319      1.37        19       608     0.541     0.932     0.867     0.681     0.918     0.069     0.242
       279      2.15     0.967    0.0716     0.341      1.38        19       608     0.635      0.93     0.882     0.749     0.919    0.0641     0.166
       280      2.15     0.991    0.0762     0.365      1.43        21       608     0.526      0.93     0.847     0.669     0.978    0.0734     0.262
       281      2.15         1     0.077     0.345      1.42        17       608      0.62     0.914     0.849     0.737     0.931    0.0659     0.264
       282      2.15     0.998    0.0766     0.348      1.42        15       608     0.603     0.916     0.855     0.716     0.975    0.0726     0.274
       283      2.15      1.01    0.0782     0.338      1.43        20       608      0.58     0.927     0.862     0.707     0.941    0.0671     0.208
       284      2.15     0.988     0.076     0.356      1.42        24       608     0.588     0.938     0.876     0.715     0.931    0.0685     0.184
       285      2.15     0.969    0.0722     0.255       1.3        17       608     0.612      0.94     0.884     0.737     0.911    0.0635     0.209
       286      2.15     0.963    0.0721     0.311      1.35        23       608     0.611     0.938      0.88     0.736     0.908    0.0645     0.176
       287      2.15     0.955    0.0721     0.268       1.3        17       608     0.615     0.929     0.875     0.733     0.941    0.0667     0.214
       288      2.15     0.949    0.0707     0.304      1.32        20       608     0.589     0.943     0.881      0.72     0.919    0.0658     0.219
       289      2.15     0.976    0.0733     0.334      1.38        27       608     0.575     0.928     0.862     0.705     0.932    0.0688     0.192
       290      2.15     0.956    0.0711     0.288      1.32        18       608     0.594     0.928     0.863     0.721     0.921    0.0653     0.226
       291      2.15     0.934    0.0698     0.162      1.17        19       608     0.633     0.923     0.873     0.749     0.905    0.0635     0.206
       292      2.15     0.955    0.0713     0.288      1.31        15       608     0.622     0.933     0.882     0.741     0.914    0.0665     0.198
       293      2.15     0.938    0.0687     0.235      1.24        18       608      0.62     0.948     0.891     0.747       0.9     0.063     0.208
       294      2.15     0.939    0.0708     0.316      1.33        20       608      0.59     0.936     0.879     0.723     0.917    0.0673     0.292
       295      2.15     0.946    0.0699     0.272      1.29        18       608     0.648     0.937     0.882     0.757     0.916     0.066     0.179
       296      2.15     0.972    0.0735     0.357       1.4        25       608     0.668     0.907     0.865     0.769     0.943     0.068     0.287
       297      2.15     0.979    0.0737     0.321      1.37        16       608       0.5     0.954     0.866     0.651     0.916    0.0705     0.192
       298      2.15      0.96    0.0715     0.296      1.33        17       608     0.539     0.943     0.884     0.682     0.917    0.0666     0.196
       299      2.15     0.939    0.0706     0.318      1.33        19       608     0.598     0.931     0.871     0.728     0.917    0.0671     0.349
       300      2.15     0.976    0.0745     0.448       1.5        17       608     0.522     0.919     0.849     0.664      0.99    0.0712     0.232
       301      2.15     0.964    0.0775     0.367      1.41        24       608     0.566     0.932     0.861     0.702     0.879    0.0678     0.209
       302      2.15     0.903    0.0725     0.317      1.29        22       608     0.588     0.932     0.864      0.72     0.862     0.066     0.215
       303      2.15      0.88     0.071     0.317      1.27        14       608     0.599      0.92     0.863     0.724     0.844    0.0651       0.2
       304      2.15     0.863    0.0685     0.253      1.18        16       608     0.602      0.93     0.874     0.728     0.834     0.064      0.19
       305      2.15     0.854    0.0686     0.223      1.15        17       608     0.602     0.931     0.874     0.728     0.824    0.0637     0.177
       306      2.15     0.857    0.0681     0.225      1.15        17       608     0.606      0.93     0.875     0.731     0.829    0.0634     0.176
       307      2.15      0.85    0.0673      0.29      1.21        29       608     0.607     0.934     0.877     0.735     0.828    0.0632     0.183
       308      2.15     0.854    0.0674     0.243      1.16        22       608     0.591     0.944     0.885     0.725      0.82    0.0627      0.17
       309      2.15      0.85    0.0669     0.263      1.18        15       608     0.608     0.942     0.887     0.737     0.816    0.0621     0.168
       310      2.15     0.838    0.0667     0.229      1.13        26       608     0.622     0.934     0.884     0.746      0.82    0.0616     0.176
       311      2.15     0.833    0.0659     0.221      1.12        21       608     0.624     0.938     0.886     0.748     0.812    0.0619     0.173
       312      2.15     0.835    0.0646      0.19      1.09        17       608     0.612     0.948     0.893     0.743     0.805    0.0616     0.172
       313      2.15     0.833    0.0649     0.243      1.14        18       608     0.633     0.938     0.888     0.754     0.818    0.0614     0.168
       314      2.15     0.831    0.0649     0.206       1.1        13       608     0.623     0.942     0.889     0.748     0.813    0.0611      0.17
       315      2.15     0.822    0.0642     0.213       1.1        22       608     0.626     0.936     0.887     0.749     0.811     0.061     0.171
       316      2.15     0.829    0.0647     0.244      1.14        17       608     0.653     0.941     0.892     0.769     0.808    0.0606     0.171
       317      2.15     0.824    0.0647     0.175      1.06        22       608     0.606     0.951     0.895     0.738     0.814    0.0609     0.169
       318      2.15     0.831    0.0644     0.299      1.19        19       608     0.618     0.946     0.895     0.746     0.808    0.0606     0.169
       319      2.15     0.825    0.0638     0.251      1.14        19       608     0.648     0.939     0.891     0.763     0.806      0.06     0.162
       320      2.15     0.827    0.0638      0.24      1.13        23       608     0.628     0.942     0.893     0.753     0.802    0.0601     0.164
       321      2.15     0.822     0.064     0.246      1.13        19       608     0.628     0.942     0.895     0.752     0.804    0.0599     0.167
       322      2.15     0.817    0.0623     0.288      1.17        16       608     0.615      0.95     0.898     0.745       0.8      0.06     0.172
       323      2.15     0.819    0.0625     0.267      1.15        16       608     0.636     0.944     0.893     0.759     0.794    0.0595     0.168
       324      2.15      0.81    0.0636     0.291      1.17        22       608     0.621     0.942     0.892     0.746       0.8    0.0594     0.157
       325      2.15     0.817    0.0618     0.275      1.15        14       608     0.617     0.947     0.895     0.746     0.791    0.0596      0.16
       326      2.15     0.817    0.0624     0.254      1.13        17       608     0.641     0.943     0.894     0.762     0.794    0.0597     0.165
       327      2.15     0.808    0.0627      0.22      1.09        18       608     0.649     0.946     0.899     0.768     0.799    0.0592     0.161
       328      2.15     0.812    0.0623     0.225       1.1        17       608     0.627     0.941     0.895     0.749     0.801    0.0598     0.166
       329      2.15     0.811    0.0618      0.19      1.06        19       608      0.62     0.946     0.897     0.747     0.792    0.0594     0.161
       330      2.15     0.812    0.0626     0.213      1.09        13       608     0.643     0.945     0.897     0.764     0.796    0.0593      0.16
       331      2.15     0.815    0.0617     0.265      1.14        20       608     0.637     0.947     0.899      0.76     0.789    0.0592      0.16
       332      2.15      0.81    0.0621      0.22      1.09        26       608     0.639     0.948     0.901     0.762      0.79    0.0588     0.156
       333      2.15     0.805    0.0608     0.174      1.04        19       608      0.65     0.944     0.898     0.769     0.788    0.0588      0.16
       334      2.15     0.809    0.0611     0.218      1.09        20       608     0.642     0.941     0.897     0.762     0.789    0.0585     0.155
       335      2.15     0.808    0.0626     0.229       1.1        21       608     0.651     0.952     0.907     0.772     0.789    0.0585     0.164
       336      2.15     0.812    0.0614     0.235      1.11        19       608     0.623     0.954     0.906     0.753     0.788    0.0591      0.17
       337      2.15     0.805    0.0621     0.218      1.08        17       608      0.64     0.945     0.899     0.762     0.795    0.0589      0.16
       338      2.15     0.803    0.0619     0.214      1.08        24       608     0.644     0.942     0.897     0.764     0.785    0.0586     0.165
       339      2.15     0.791    0.0609     0.216      1.07        19       608     0.641     0.946     0.902     0.763     0.778    0.0585     0.161
       340      2.15     0.796     0.061     0.231      1.09        19       608     0.639     0.943     0.899      0.76     0.777    0.0585     0.161
       341      2.15     0.788    0.0612     0.217      1.07        21       608     0.632     0.946     0.902     0.756     0.774    0.0585      0.16
       342      2.15     0.787    0.0604     0.199      1.05        19       608     0.633     0.947     0.902     0.756     0.775    0.0586     0.164
       343      2.15     0.785    0.0606     0.239      1.09        21       608     0.635      0.95     0.904     0.759     0.774    0.0585     0.164
       344      2.15     0.787    0.0615     0.247       1.1        18       608     0.628     0.946     0.904     0.752     0.772    0.0585      0.16
       345      2.15     0.795    0.0612     0.247       1.1        23       608      0.64     0.951     0.904     0.763     0.776    0.0583     0.161
       346      2.15     0.792    0.0614     0.226      1.08        21       608     0.639     0.947     0.904     0.761     0.775    0.0583     0.163
       347      2.15     0.791    0.0608     0.262      1.11        24       608      0.63     0.946       0.9     0.754     0.774    0.0585     0.163
       348      2.15      0.79    0.0608     0.164      1.01        14       608     0.628     0.949     0.903     0.754     0.771    0.0584     0.161
       349      2.15     0.793    0.0615     0.204      1.06        17       608     0.648     0.946     0.901     0.768     0.775    0.0584     0.161
       350      2.15     0.788    0.0608     0.242      1.09        21       608     0.638     0.943     0.902     0.759     0.775    0.0585      0.16
       351      2.15     0.779    0.0607     0.194      1.03        20       608     0.635     0.951     0.905     0.759     0.774    0.0584     0.164
       352      2.15     0.784    0.0612      0.27      1.11        19       608     0.631     0.948     0.901     0.756     0.772    0.0584     0.162
       353      2.15     0.783     0.062     0.232      1.08        24       608     0.648     0.944       0.9     0.767     0.777    0.0585     0.164
       354      2.15     0.786    0.0612     0.194      1.04        12       608     0.632     0.951     0.907     0.758     0.777    0.0583      0.16
       355      2.15     0.782    0.0608     0.207      1.05        27       608     0.623     0.954     0.906     0.752     0.772    0.0584     0.158
       356      2.15     0.784    0.0602     0.221      1.06        18       608     0.651     0.942     0.899     0.769     0.773    0.0583     0.162
       357      2.15     0.794    0.0604      0.27      1.12        16       608     0.632     0.945       0.9     0.756     0.772    0.0582     0.161
       358      2.15     0.785    0.0611     0.232      1.08        29       608     0.646     0.945     0.901     0.766     0.772    0.0582     0.164
       359      2.15      0.78    0.0617     0.166      1.01        14       608     0.628     0.956      0.91     0.756     0.774    0.0583      0.16
       360      2.15      0.79    0.0615     0.194      1.04        18       608     0.633      0.95     0.904     0.758     0.771    0.0583     0.163
       361      2.15     0.786    0.0622     0.153         1        27       608     0.635     0.954      0.91     0.761      0.77    0.0583     0.162
       362      2.15     0.788    0.0609     0.232      1.08        16       608     0.643     0.946     0.899     0.765     0.772    0.0584     0.166
       363      2.15     0.781    0.0619     0.241      1.08        20       608      0.63     0.955     0.906     0.757     0.777    0.0585      0.16
       364      2.15     0.785     0.061     0.218      1.06        12       608      0.63     0.956     0.907     0.759     0.776    0.0584     0.162
       365      2.15     0.787    0.0615     0.224      1.07        14       608     0.627     0.947       0.9     0.753     0.772    0.0584     0.162
       366      2.15     0.785    0.0603     0.236      1.08        27       608     0.635     0.947     0.902     0.759     0.773    0.0583     0.161
       367      2.15     0.789    0.0607     0.271      1.12        17       608     0.629     0.951     0.906     0.755     0.773    0.0583     0.158
       368      2.15     0.793    0.0604     0.241      1.09        20       608     0.637      0.95     0.904     0.761     0.776    0.0582      0.16
       369      2.15     0.783    0.0614      0.21      1.05        20       608     0.642     0.955     0.911     0.766     0.772    0.0583      0.16
       370      2.15     0.786     0.061     0.255       1.1        18       608     0.631     0.951     0.903     0.756     0.773    0.0585     0.158
       371      2.15     0.788    0.0611      0.24      1.09        19       608     0.638      0.95     0.902     0.762     0.774    0.0583     0.162
       372      2.15     0.777    0.0614     0.226      1.06        17       608      0.63     0.951     0.905     0.757     0.773    0.0582     0.161
       373      2.15     0.792    0.0622     0.203      1.06        17       608     0.629     0.953     0.907     0.755     0.773    0.0583     0.157
       374      2.15     0.791    0.0608     0.203      1.05        16       608    0.0425      0.99     0.924    0.0815     0.771    0.0581     0.159
